180220146176
180244198912
180222010112
178944709376
178551587072
178201075456
178117514240
178099444224
177812932608
177599670272
177424744960
177295533568
175759325696
175736800512
175160093440
174899912448
174252397568
174147137024
174038369280
173966129920
173509985792
173378694912
173352351744
173359424000
173279108096
173139023872
172593820416
172525485056
172136920832
171920291328
171457941760
170982094336
170652364288
170518043904
170223834368
169909619968
169294139904
168479859200
168355888128
168192537088
166932436736
166818629632
166811432960
166782302464
166764085248
166759351296
166563757056
166393353984
166338849280
166047066368
166043374080
165824767488
165205947392
165008221696
164853796864
164817471232
164814637056
164765881088
164715809536
164186612992
164072176128
163999002624
163893727232
162856653824
162171534592
162110681088
162003654144
161847144448
161635969536
161217135872
160991531008
160850298112
160651854336
160444606720
160008937728
159872529152
159154572544
159103752192
158411733760
158182948608
157502233344
156943381760
156901447424
156775638528
156770672896
156286888704
156174657536
155943662848
155706857984
155445827584
155175491328
154989316864
154664590080
154681305600
154513929216
154520068352
154164509184
153985612800
153511408128
153398268672
152993378816
152731247360
152379527424
151797155840
151710050816
151602029312
151291385856
151028809472
150722135552
150257299456
149709587968
149344644608
149285802240
149278942208
149245236736
149177129728
148181439488
148113750528
146508854528
146205977344
146052661504
145248978176
145234747904
145052131072
144155538432
144114459136
143898641408
143293842176
143199609600
142735716864
142553327104
141950479104
141820498432
141624760832
141610484992
141243110912
141046935296
140823287040
140816286464
140776034048
140552689664
140540199936
140481260288
140015417600
139657951744
139354636288
139129766400
139121238528
139126094080
138777210368
138475752192
138339760128
138036721920
137934762240
137940276224
137501480960
136463822848
136031307264
135707834112
135713152256
135251391488
134903081728
134886743552
134806508800
134627049216
134562787840
134531399936
134295260928
133881924864
133769172736
133627085824
133570725120
133432402944
133195556608
133169310208
132332378368
132133376512
131962162688
131183138048
131139552768
130974914816
130767477760
130420695808
129922450432
129589462016
129456306944
129413520896
129148996608
129089389824
128871543296
128293550848
128139005696
127894837504
127656941056
127649982464
127545300480
127517782784
127329961984
127208265984
127071572480
127043204096
126020305920
125746136576
125688874752
125676226048
124890814464
124776343040
124756791296
124738468608
124707777792
124672993792
124614832640
124615947264
124609632256
124581634048
124588244736
124582691328
124526439936
124520145152
124142619904
124104353280
123828903424
123555994368
122789551616
122127054592
122044395264
121800860672
121354550272
120902868480
120627066624
120614340352
120505142016
120192197632
119638856960
119487782144
119392747776
119375019776
119159241728
119041553152
118562678528
118038968576
117728017408
117676452352
117676803584
117679817728
117682392320
117650631168
117642136320
117623615488
117630466816
117623256320
117477446400
117276541696
117093810944
116693570304
115881303296
115735260160
115450524160
115111703808
114994232064
114940162816
114903684864
114900008960
114892555264
114878504960
114864908288
114856065280
114806038272
114774431744
114463242240
114061512960
114038940672
114013107712
113853853184
113220808192
113077704704
112914900736
112797991168
112511339008
112503617792
112497993216
112317406464
112221833472
111858141440
111547811584
111490612224
111492475392
111451423744
111429565184
111389086464
111381117440
111363265792
111363489536
111353900800
111215753728
111194972160
110992501760
110824916736
110831041792
110406379520
108847976960
108809218304
108794370048
108718898176
108533931520
108193634560
108187041280
108079647232
107904471552
107341095424
107263464960
107138644992
107037316608
106988767232
106377170688
106171773440
106101600000
105879352320
105834489600
105657681664
105444921856
105408451840
105405072384
105322886400
105287653888
105087888128
104921090304
104672821504
104665955072
104619830272
104600755456
104602921984
104596488192
104586310144
104572236544
104455193344
104148159232
104069916928
103583616768
103546994944
103495074816
102980193024
102968003584
102773555712
102734815488
102169838592
101219394560
100767294464
100602891776
100469628928
100413362176
100314300160
98804979456
98775404800
97775085568
97766841344
97655184640
97332354560
97128032000
97121276160
97108964096
97103083520
96893844480
96887781120
96254909696
96225431808
95914162688
94834245632
93675731968
93227046912
93167635712
93142085888
92869773312
92228510720
91698371840
91646103552
90486655488
90267883520
89874471168
89852834560
88993941504
88628284928
88306152704
87849467136
87541427712
87100937216
87063016704
86885563392
86885582848
86758989824
86539652608
85838866432
85786624000
85776563712
85765976064
84844885248
84813370880
84673998080
84479980544
84331992832
84168279552
84040193280
83846237952
83753278976
83205005056
83156590336
82865175808
82456836864
82278680320
82040543488
81966544128
81408665600
81245945600
80923376384
80591092736
79892925952
79834976512
79806987264
79072581888
79047297792
78938109952
78213013248
77680954368
77626286080
77603484416
77506238464
77477419520
77185177344
76663962112
76558350080
76385647104
76383639040
76185678080
76016379648
75934357248
75832825600
75825323520
74812609280
74286085888
74231418624
74112194816
73749240576
73628075008
72986007296
72599983616
72424982016
72411300352
72318503680
71808348928
71081407488
70834439168
70776023040
70690864896
70625423104
70047093248
69546612224
69533882880
69411814656
69403016960
69396014336
68643919616
68042126848
67601310720
67300090112
67255321600
66751599872
66608849664
66548460800
66419131392
65899630336
65663083776
65404673792
65253668096
64604300544
64343499776
64089665024
64035761664
63419268096
62554944000
62440507136
62023236352
61980426240
61981148672
61333885952
61333171712
61273698304
61073226752
60394631680
59837445632
59251660288
59115312384
59073825280
59035608064
59005562112
58732833280
58342903552
58092637440
56876181248
56713342208
56637231104
56578476800
56486388224
56479835648
56447476736
56430395392
56426088704
56402898176
56368537088
56358375936
56343321856
56348508928
56349356800
56329607680
56311089664
56306197504
56273721344
55026903040
55034514688
54791914752
54479326720
54442034432
53860182528
53585005056
53546600704
53463070464
53299799552
53206975232
53106308608
52641526272
52517571072
52376209152
52004525824
51923028224
51703701504
51655108352
51296496640
50994150144
50732076544
50571841280
50568118784
50229597184
50161445888
49620643328
49608311040
49049454848
48291570176
48147473152
47963303680
47589434112
46884598016
46804045312
46736820992
46715102208
46647691008
46613842432
46594099968
46586407680
46587587328
46506843136
46479544832
45848889088
45664517376
45661776640
45381575680
44907890688
44802674432
44593042688
44600192768
44436126208
44435489792
44249935872
44248385792
44056605440
44041689088
44005662720
44001839616
43945097984
43941545728
43907317760
43844577280
43712122880
43553452288
43529923840
43436853248
43430299904
43321527296
43312726272
42750512384
42570940160
42422395648
42413366528
42287368192
42262823680
42248612864
42222722048
41961623552
41820537088
41768859648
41759000064
41744838400
41716347392
41652086784
41098162176
40971533056
40699417344
40339033088
39872445696
39722946048
39646312960
39618604800
39499159552
39127421184
39058486272
37982313472
37291946752
36809008640
36487580672
36414724864
35679863808
35623348992
35615126016
35619889152
35131062272
34828915200
34829993216
33707862272
33397967872
33377910272
32252248320
32005777408
31951335680
31928236544
31385705216
31335803648
30946420480
30550533120
30169578496
29712002816
29657714688
29567062016
29060663808
28946979584
28626141952
28593508096
28246913024
28045240064
27896666880
27852567296
27792201216
27618116608
27498086144
27435762944
27146140160
26865404160
26237805568
25993065216
25991970048
25337521920
25217102080
24941180160
24882754304
24847207936
24721083136
24538184960
24370887168
24316869632
24312247552
24223683328
24203756544
23903394048
23662536960
23658578176
23233904896
23043847168
23021362432
22960564480
22952263168
22777341952
22774802176
22320770816
21823096320
21817130240
21792072448
21670655232
21660378880
21133612544
20159050752
20133462784
20072878592
20018997504
19913533184
19826398464
18958926848
18649917696
18634919168
18557829120
18333270272
18291829248
17966860288
17763303424
17754593024
17726140928
17503487488
17207370752
17193126144
17033533952
16904124160
15923888896
15631374336
15096863232
14487578368
14458653184
14367535360
14357122560
14191066624
14139592192
13989239808
13470927104
13437967360
13381907712
13328547328
13256236544
13261156352
12906382080
12725743872
12416599552
11539593216
11259004416
11138514944
11078964736
11029409792
10894891520
10830404864
10636258560
10378914816
10354681344
10073461248
9451585792
8561958656
7992060672
7954544128
7268968192
7267727360
6856380928
6590767872
6334914816
6285896960
6272893440
5865511168
5495486720
5487373312
5472359680
5390629120
5288103168
5263830784
5142927360
5123850240
5105507072
5102664704
5038606592
5006516480
4921431552
4888651008
3552798720
3355645440
3039887104
2661410304
2061759488
2005113344
1962263296
1919867136
1851677696
1711401472
1471654912
1454018304
1215002880
1170135552
1131888896
1058345472
1036952576
828578816
650228736
74105344
15779328
14416640
21744640
11407872
13815552
18896896
34353152
38858752
11676416
12661760
10297088
19254016
11991808
14130176
19147008
21107712
10581504
12573440
20109312
15048192
15410432
12788224
18578688
15869952
15536384
15149824
18428416
24533248
12727296
13986560
15971328
12561664
190975201280
190309532672
189423800576
188820381696
188726235136
187350216704
187323578368
187316979456
187097624576
185630074624
185223704576
184405837824
183552715008
182605213696
181777175296
181002960640
177254092288
176931452672
171992952320
170163848192
168511520256
167583998464
167063217152
165865192192
157391470336
25987840
155570271488
155539225600
155528693248
155517822464
155485864960
155477014272
155467099392
155456114944
155380439552
33009152
155370427904
155311138816
40116736
155319434496
155317011968
155303920896
155241506816
155226041856
155184331264
155159100672
155078855424
152152428288
151616434432
150990988544
150525943552
150179266816
149225739008
148218886912
148159406080
148150465280
148141068800
148112290304
147669704448
145668425472
142424377856
142355748352
141664618240
141161107712
141114366720
141053516032
141045366528
138896284160
138815929088
132222763264
128233546752
127901531904
124871864576
122938584320
122729935872
122677741568
122559867136
120768718336
33518336
120721015552
120700444672
120701384192
115985844224
113911438848
113477947648
112066558976
111252560128
48057600
111015750656
111020843776
111006423296
110984501760
107374659072
106645198592
105499205632
105495791872
100260934144
100128044032
91059757056
90560425472
90553775360
90184177408
88318182144
63783936
86844850432
85406533632
85390612992
83362551296
81059455232
22377728
80499987968
80451067392
78566775296
76070182144
72772356096
72690738176
65520124160
65460813824
62394275584
60685334784
60319485952
60309606912
60296583936
60397798656
58690761984
53937576960
51653466368
45673709824
45266101504
32528016640
27492644864
24637768960
24337314048
40337920
24320205568
39469056
24285634560
24289289216
24259085312
17623383552
9680524544
7626528768
2612643072
1002867456
625043968
13010688
11371264
38083584
34237184
30708480
20860928
20428288
13513728
22973440
13191424
18007296
24387328
24409600
25306112
13721344
14561280
21822720
16501248
18926592
22499072
16630784
19930880
19751168
18703872
15623168
16990208
10751488
11145472
11841536
22680832
13303296
9992192
12836608
15460608
9796864
15630080
14541312
18570240
10310144
9930240
12166912
9610240
12417792
10885120
11228672
15937536
13089792
13905664
13969152
10301184
11205376
23144704
11768576
10307584
12304128
12186624
10810624
7939328
19604992
10015488
9720064
8916224
8421120
11668480
11502080
8526848
22336768
8548096
10336768
9735424
8363776
8734464
10915584
13643264
10470656
8844288
14120704
17068800
11434752
18636544
9726208
10616576
14026240
11326976
15118592
13548544
8666112
10115584
9289728
10808832
18533120
48885248
8965120
9432576
9032704
25761280
9221120
8536064
15885056
16106752
12556800
16336896
17288960
9768448
9421824
10493440
12667904
23809280
33829376
25275392
21275904
38092032
47835904
30272000
32126720
26069504
36738304
10001152
10675200
13480704
10574336
10832128
12048384
11973888
12126464
22105344
7822592
25404416
17392640
8478720
12326144
12420352
20641280
22451968
16800256
16724480
8985600
16705024
8517120
8252416
8390912
18295552
8436992
8336896
18241024
11050496
8841216
10897664
10615296
9045760
20823296
23443968
15728384
8707840
8980480
8352512
7771904
9769728
11887104
10590976
25868800
12985856
12507904
11789568
9885440
13446400
14525440
14121728
18740224
28117760
24875520
22952192
39016704
18755072
9646848
22101248
10337792
12097024
14255104
11868160
11394048
10714880
39146752
38803456
25770240
30767616
17569024
15910656
9093888
11533568
28775680
11865088
14383360
19166720
10455552
20528896
16875520
8827648
10793728
11181312
22249984
15202048
19073024
14247168
18627072
15331840
21376000
11342848
10987776
14255872
8207104
17454080
10583296
10431744
12180736
18436352
19172608
11282944
8035072
9477120
12318464
21451776
8860928
9993984
10955264
10047744
17216256
14796800
10132992
8006912
8008448
17280000
9481216
19103232
10637568
38241792
11965696
12343808
26637824
14611968
19637760
15275008
22145280
15863296
23122432
12414976
11969024
10471936
10000896
10513152
10996736
10146304
10733312
10346496
10268160
13730048
14775808
11935744
11195136
9687296
22477056
19375616
13767424
10360832
12509184
13639680
27564544
15125504
27117312
30297088
10957824
11651584
8039936
13036800
13879296
8293888
25012224
13948928
12156160
10025216
10853376
11001088
13874944
11434496
12354816
8139264
20992512
10723840
9327616
20310528
12283392
18497792
8081408
7990016
10051584
9769728
11667200
14646016
8666880
17118720
8355584
8311552
10501120
13843200
6896384
8648192
7560192
7311360
10961664
7737856
10992896
9863168
7176960
19024896
9206016
7634176
7837184
14019840
10404608
10934784
8218368
20076544
13372928
15460352
19156224
8867584
10949632
8758528
7168000
9189120
7885824
6786048
13646848
10056448
7182592
13021696
7089664
7365376
7752704
10828288
7897856
20116736
8051456
19973632
25220352
16206848
7282688
7642368
15820032
18729728
9643264
17118720
9301504
8553216
8063488
8542976
8559104
9084416
9760768
18290176
10318336
35314432
12449024
7726080
12337152
8194048
0
10171904
10063360
7587072
20960000
9549056
8922368
25535744
23658496
7680768
8118528
8623360
9941504
8498944
13023744
8765440
7700480
11584768
8324096
7847168
8512512
8742912
21769728
14581504
17460480
31299584
7728384
15752704
21608704
8052992
9171968
9277184
8557056
8736512
9768960
14550528
20007680
18444032
16221440
24026112
8103168
16963328
11289600
14070784
9003520
11160320
23580160
9653504
10483712
9161728
7986944
8617216
8603904
12264960
10478080
11146752
11017472
13680896
8431104
17634560
9154304
9600768
8403200
8956672
10370304
7499008
9681152
8705024
29751040
8470016
8472832
9400576
9762816
9367296
16648448
9217536
9284864
8819968
8320256
9899776
9695744
9609984
6477056
7253760
8558080
11976448
7514624
6433792
7307776
14109952
9280512
15761664
21009664
8322048
9208320
7897600
11197696
10804736
14042624
8855040
12746240
9487616
8696832
8695552
13641216
11492096
9348608
14396160
9466368
8304896
7673600
9706752
10132992
36974848
8194560
18450688
10186496
9139200
7798784
8486656
14414848
8517888
14499072
19498752
22852608
16292096
7112960
15255552
7241728
7823872
6367488
6927616
14052096
7054592
14826240
16738560
5983744
16018432
8078080
7365376
7979776
11566080
9967616
29172480
52888064
60123392
35827456
26331392
35387136
81257216
76527104
43445248
133389056
12295424
23028224
14190848
17013248
22234368
16634112
10259968
23883776
8236800
11200256
44007168
10313216
12904704
12398336
16244224
11161600
12814080
9171712
13218816
13397760
11204864
20147968
20301056
9588992
9351168
24433408
8236800
21678080
24307456
9207040
10132480
11649024
8219136
7889920
24203776
11191040
10011136
9046784
8946688
9287424
9174016
10937088
10559488
8741888
23587840
8638720
10826240
12842752
10095872
8693248
13288448
11328512
10361600
9053184
9923072
11237376
12754176
10502912
8555520
16949248
8714496
10966528
10873600
8554496
10822912
14683648
12063488
14217984
10920704
12398080
12608000
8146688
12406784
13635840
12275456
9308928
8871936
10300672
7886592
18601472
8103680
11141376
12637696
12805376
16634624
11898624
12363520
7564544
18475520
8052992
23211776
9942016
6139392
4787712
16121856
7233280
7886592
9202944
12815104
11428352
10412544
10905856
12471552
9206272
37874176
9207296
25870848
6612224
38802944
19008512
13870592
8465920
8322560
7738624
7421440
12965632
7076096
13020160
12586752
21223168
20708096
8355584
8622336
9750528
9407488
7978752
18884864
8554240
14095872
8369664
8821248
8831744
10985984
14146560
22148352
20697088
14873088
8987904
16149248
14504192
8297984
10439424
8700416
10023424
9585152
14472448
9466112
14708480
13390592
14363392
10690560
14276864
31553280
10866176
11063552
13592064
16372224
20959488
10268416
7813376
8761856
13413376
18142208
15698176
16181248
13842176
14675712
9761280
15218176
10458112
20782848
24672000
10609664
12196864
9018368
15436288
19086336
11575296
10218752
8547840
9970176
10130432
8175616
8855808
8922624
8478464
8073728
9138688
9595904
8420864
15012352
8404224
21147904
18980864
16087808
10670848
9105920
8141568
21300736
13418752
7376896
7982336
14230016
7306240
7629568
13241344
13076480
7547392
9094400
8339968
12666368
7044608
10337280
7734016
6724352
16975872
8856832
9953792
10750976
6628352
11890432
21302272
7906048
8862208
8147712
9575424
8541440
13290496
10087680
12025088
21353984
24022272
11843840
8379648
6549504
13418496
8137216
12121856
16239616
8665344
9693184
10464768
12536320
13329152
10216704
7736064
13757952
13780224
8229632
15606272
12342016
11454208
10795008
9689344
8325120
18384896
11803136
7777536
11245056
8890368
13402112
9038336
8999424
9541376
12584192
17873408
9006336
24567808
8324352
7888128
12226560
8077568
10003200
13264896
21088768
10844672
9103104
8389632
8318976
16146176
7770624
7915776
10953472
7231488
15370752
7169536
8466432
9128704
20044544
10003712
21737728
14513152
13092096
17510144
14697472
13065984
9623552
10924032
9992960
6558464
10667264
10758400
16070400
15582720
20891904
13422080
8924160
7997184
7757312
7796736
19361280
17072896
7788288
22103552
10177280
11569408
8728832
10976256
8442112
9252096
10446592
15936000
7928832
16667392
22579200
129769216
15060992
14686464
11151360
9328128
14342656
10607104
9479424
15529984
10693120
8473856
7371776
7861248
7699200
7816960
7348480
7414016
20724992
11547904
19645440
12638464
16311808
14081536
8812288
7898880
7023360
8126720
7464704
8310272
12736768
8517632
11084288
9375488
24392960
7060736
7426304
8444160
14139904
8550144
5934848
6787584
6765568
9509888
8352512
7579392
6716160
7317248
22295552
7322368
7443200
7924992
6815744
7968000
9332736
8467200
9024768
12202496
9340160
9588736
12274688
29486080
15073280
10239488
11793408
7813376
8587520
7925248
8121600
8104192
9657344
8857600
11364352
8398080
11244288
8738048
8587264
9731072
21294080
10242816
8874240
20950272
10612736
10300672
17276672
9608960
11522816
8662528
7873536
7743232
10461952
8983040
11489792
10198272
7683584
9433088
10503936
9869312
7504896
9005568
15201536
10421504
11145984
11851520
12039936
12337664
13652480
8381952
7823872
12545536
11542272
15429376
9993984
10529280
24085504
9363968
11503104
14258688
6824192
8294400
6885632
18756608
6984960
19336448
20401408
6458112
6796800
6601984
7409408
7917312
6361088
9384192
7797248
7601152
9288960
10724352
22036992
10323200
9665536
8061184
8506624
6614528
10326016
7000832
10074368
20963584
12878336
20711680
7648512
8932864
8924928
9911296
9288960
9764864
11734272
7262464
9352960
11542528
9226752
9711360
11395328
15067648
19462144
8334336
20430336
16993024
18120448
8321792
7820288
7205376
12373760
9083392
10845952
11942144
7586048
8349184
8146432
10571520
11865600
11542016
14210560
8215296
15216896
6483968
7641600
21108736
26256896
11804160
7751936
23402496
8729088
21452032
7147008
10665984
29774848
13189888
6870272
18335488
15672064
8147200
8954112
12075008
15746304
7524864
7320320
11332864
9732352
8202752
7887872
9071104
11158016
8734976
16988416
7749120
11397632
10317568
14789120
14057728
10235648
7821056
10539008
7697664
9348096
9059072
10546176
12157440
9217536
16777472
12766208
15441664
11203072
9304576
8932608
8363776
9429760
7472896
9032192
8825344
8265472
19550720
8215808
11613696
11105792
13111040
10262528
24843520
7188992
9345280
22195968
7259136
7266048
21912064
14171392
8861440
8504832
9715712
10882304
6715136
10148608
8134656
8478976
7958528
7616256
21776384
47284480
49670656
19660032
10120960
10030848
9754112
14947328
13638144
10486784
19643648
17766400
16479744
11636992
23812352
21469184
8749568
9343488
9583104
8230656
22009088
19207936
8163328
18264320
106350848
12044544
13610496
9604352
13004800
24273152
16008192
16551424
9287168
11358208
10319360
16357120
11363328
10003712
12163072
10881536
10894592
9543936
22507776
10014464
20055040
28247040
8361728
9937408
9251840
15138816
14188032
29694976
26360064
12660480
14144512
18344192
85678336
102542080
68605440
77221888
41222400
47104512
41137152
26510848
18308352
19545344
8625408
8954368
10230784
8076800
11130112
7824128
9092864
16804864
14411008
10745344
18674432
7365632
19245312
7812096
16794368
10240000
25348608
16635648
12585728
11132160
11393024
11787008
11848960
19336960
10868480
9602560
17581312
10178560
103948032
19376896
10403328
16472832
27290880
14159616
11964160
12955392
12413952
9086464
11318016
12213760
12160000
9767424
22294272
30323712
9085184
9212160
20117504
9564928
7197440
15730688
7928064
10733312
12255744
21318656
7969792
22187008
7110144
7700736
13630208
20204288
9466624
8825600
7971072
12344576
9754624
10177536
8406528
10942464
7694080
9322752
7418880
13519872
10041344
10310912
8794368
13742336
10908416
12351488
15825408
11893760
10422784
9891328
7423488
21698816
10368256
7130368
7342592
20158208
10906112
8044288
6697984
8701184
11895808
14868224
13640704
20630528
12318976
19278592
8244736
14048512
18499584
7078912
22266624
9180928
9242880
27217408
19972608
22055680
8872192
14808832
14136320
12501504
8328960
14063616
8446976
8231168
9308160
32370944
11028224
9358592
8962560
12166912
21955840
9492480
9108480
8562688
14899712
8923648
13289472
8492544
9262080
11781376
9214720
14958336
12376064
11389440
13057792
11652096
8784640
9503744
12855808
11403264
9979904
8136960
10105088
10914304
15779072
8327936
12632576
16397056
10588672
33712384
35784192
29622272
7334144
6672384
12704768
11868672
13837824
7532544
7018240
20999168
19548416
13334016
10890752
9184000
23576064
16293376
24462592
8349952
22287616
15496704
15583744
7868928
7196928
8317184
12576000
11509248
12418560
7908608
6971648
18610432
11059712
8462592
22591488
13811456
8417024
8310528
13428480
7385856
11008256
7378688
8276224
10138880
7371776
6677248
28821760
7252992
20905728
7799808
8338176
7942144
7877888
15181568
18455808
12741120
12510976
7443456
20983808
8898048
7753728
12634368
15624960
8370176
22512896
10079232
10470144
10088192
15835136
20915968
8354304
21441280
10493440
16835840
12458240
7361792
14958848
6607360
6192384
8276992
14705920
12886272
21500928
7113984
19785472
8809472
10336256
10338560
21710080
7637248
10776320
10982656
7426560
9302016
9763584
9350144
12626432
12819968
22489856
12279808
10153728
13638144
7797760
9371392
9290496
20652800
9113856
10508288
11197696
9167104
8194816
12524800
9791744
8103424
9460992
22231552
13825792
8187904
8049408
11785216
8822272
8399616
11318016
12396544
8857856
9608448
14802176
11937024
13837568
13447168
15400704
11312384
9981184
10605824
12207616
12441088
11745024
11282176
12436992
14258944
10304000
10891008
13232384
11759616
12987648
11801600
14479104
14159616
10374656
10972672
10165248
16338176
23700736
13273344
13790976
11361536
16019968
11211776
12386048
23869184
11960576
13916160
14965248
11012096
10326784
8550400
9293312
9801216
9469696
8730112
16607488
13273856
10370560
11227648
10213376
9019648
15559168
10042112
12058880
17491200
18252800
11821312
11441152
14363392
20436736
28264704
11765504
10402560
10510592
9105664
8744448
16315136
22648832
11500800
11862528
8943104
9712640
8431104
8819200
10613760
12125696
10822656
8490496
9002752
9343744
10749952
10153472
9258752
8976896
9283840
8176128
13209344
8490240
10093568
10175488
17745152
20975616
12423936
11249408
26818816
20012288
34369280
21115904
10529536
19185920
14468864
14698752
9282304
25597440
7937280
16474112
8640256
8030208
9859840
8068608
12283904
23727360
8249344
9774080
16046080
8626944
10411520
19739904
8458240
9095936
24260608
18429952
11618048
10076416
12932352
12791808
15456768
20818176
11699456
8258816
9287936
9993216
8509440
20783616
9935104
10369280
16593920
14729216
11832576
9172224
9822976
17867776
9381632
11446272
27830272
8492032
10678528
8463616
10118400
8468992
14648832
14516992
21313280
25291520
17027072
12951296
11429120
9539328
9011712
9293568
26030592
11171328
14312448
7143936
8791552
14629888
11922432
7913216
11520768
10083840
11261440
37883136
8981760
11620096
14171904
8879872
9054976
8523008
7997440
7911168
9774848
11570432
11275008
13989376
20942336
9779200
10236160
7875072
9551104
7944192
15506688
8535296
10327296
22625536
12943616
10224128
7874816
6457088
18008576
8055296
9457664
6974720
7495680
17716992
7414272
7351808
6668288
7357696
15838976
20073472
16098560
9250816
7458048
6808832
10176000
8231680
11848704
9276160
11069696
8976384
7827712
19418880
8228096
19963392
9806336
9168384
9130496
15334656
14218752
8651008
8071680
7170816
10287616
16156928
12586752
9468672
6534144
7994624
11801088
11806976
15284224
8265728
8726016
17517056
8943360
9679872
10182656
12740352
12592128
8812544
7903488
8661504
7699456
10339584
11401728
10988800
12264448
9096448
30511616
29404672
10517504
9996032
8759552
10877952
7964672
10018560
18642432
10738688
10827776
9658880
10965760
9372672
39062784
62633984
108597504
137822720
185835520
171990272
217618688
245025792
268283392
255069184
255217920
236637184
243975936
207873024
225523456
215298816
227787520
195716608
49206528
147614208
14980352
8630272
12007680
18956800
11024128
16245760
19562496
8476160
13492480
9474304
11023616
13918464
12938752
10180096
14059520
14056448
9235456
8442880
8329472
10073856
19011584
10460416
8754176
32477952
11617792
27410944
265252096
55622912
35424256
14222080
102881024
104184576
15112704
17391872
21423616
10637824
26179840
12618752
29801472
22406400
10725632
8037120
35403008
103284992
115811072
13826560
12959232
13179136
8625152
8216320
7790592
9402880
6956800
14506240
21482752
9129472
15634176
9510656
12406272
7585280
9997056
21048576
15301376
14788096
11682048
11245312
11749120
10296832
8089600
7136512
8652544
8055296
9912576
14143232
21472512
9638400
9809408
7605504
10306816
8640000
9004544
8836608
10119680
7691520
8402432
26335488
24896256
8657664
7418368
22074112
16307456
7864576
9561600
10529280
13832448
7900928
14677504
11489536
13509632
9738496
22806528
20798464
18910464
10789632
8239872
10400256
13155584
7998208
18209280
10049792
7090176
13237504
13594880
10741504
25657856
10648064
15040000
13552128
11903232
10158848
11781120
9021440
9238016
11271424
9296384
16957696
10812160
8601600
10411008
12804352
9367808
11656192
9491200
9029376
22581248
8553472
14019840
14245120
16912128
15173376
12285952
56304384
60202752
48390144
